Year,Period,labor force participation rate,employment-population ratio,labor force,employment,unemployment,unemployment rate
2010,Jan,64.3,59.7,633386,588348,45038,7.1
2010,Feb,64.5,59.9,635460,590772,44688,7.0
2010,Mar,64.7,60.2,638106,593618,44488,7.0
2010,Apr,61.7,57.4,641085,596613,44472,6.9
2010,May,61.9,57.6,644088,599477,44611,6.9
2010,Jun,62.1,57.8,646940,602056,44884,6.9
2010,Jul,62.2,57.9,649539,604352,45187,7.0
2010,Aug,62.3,58.0,651813,606417,45396,7.0
2010,Sep,62.5,58.1,653823,608354,45469,7.0
2010,Oct,62.6,58.3,655746,610345,45401,6.9
2010,Nov,62.7,58.4,657619,612429,45190,6.9
2010,Dec,62.8,58.5,659367,614455,44912,6.8
2011,Jan,62.9,58.6,660878,616210,44668,6.8
2011,Feb,63.0,58.7,661975,617480,44495,6.7
2011,Mar,62.9,58.7,662537,618118,44419,6.7
2011,Apr,62.9,58.7,662598,618126,44472,6.7
2011,May,62.8,58.6,662280,617623,44657,6.7
2011,Jun,62.7,58.5,661708,616779,44929,6.8
2011,Jul,62.6,58.3,661013,615789,45224,6.8
2011,Aug,62.5,58.2,660222,614761,45461,6.9
2011,Sep,62.3,58.0,659208,613689,45519,6.9
2011,Oct,62.1,57.8,657897,612521,45376,6.9
2011,Nov,61.9,57.7,656316,611242,45074,6.9
2011,Dec,61.7,57.5,654557,609940,44617,6.8
2012,Jan,61.5,57.4,652737,608722,44015,6.7
2012,Feb,61.3,57.2,650981,607650,43331,6.7
2012,Mar,61.1,57.1,649380,606805,42575,6.6
2012,Apr,60.9,57.0,648004,606292,41712,6.4
2012,May,60.8,57.0,646905,606172,40733,6.3
2012,Jun,60.7,56.9,646109,606476,39633,6.1
2012,Jul,60.6,57.0,645600,607153,38447,6.0
2012,Aug,60.5,57.0,645340,608092,37248,5.8
2012,Sep,60.5,57.1,645309,609187,36122,5.6
2012,Oct,60.4,57.2,645403,610281,35122,5.4
2012,Nov,60.4,57.2,645533,611255,34278,5.3
2012,Dec,60.4,57.2,645678,612064,33614,5.2
2013,Jan,60.3,57.2,645877,612783,33094,5.1
2013,Feb,60.3,57.3,646236,613585,32651,5.1
2013,Mar,60.4,57.3,646805,614550,32255,5.0
2013,Apr,60.4,57.4,647585,615685,31900,4.9
2013,May,60.4,57.5,648595,616980,31615,4.9
2013,Jun,60.5,57.6,649820,618374,31446,4.8
2013,Jul,60.6,57.7,651268,619844,31424,4.8
2013,Aug,60.7,57.8,652939,621437,31502,4.8
2013,Sep,60.9,57.9,654749,623139,31610,4.8
2013,Oct,61.0,58.1,656561,624895,31666,4.8
2013,Nov,61.2,58.2,658284,626679,31605,4.8
2013,Dec,61.3,58.4,659842,628445,31397,4.8
2014,Jan,61.3,58.4,660487,629478,31009,4.7
2014,Feb,61.4,58.6,661607,630998,30609,4.6
2014,Mar,61.5,58.7,662647,632399,30248,4.6
2014,Apr,61.5,58.8,663661,633712,29949,4.5
2014,May,61.6,58.9,664619,634978,29641,4.5
2014,Jun,61.7,59.0,665525,636257,29268,4.4
2014,Jul,61.7,59.0,666335,637494,28841,4.3
2014,Aug,61.7,59.1,667034,638632,28402,4.3
2014,Sep,61.8,59.2,667668,639674,27994,4.2
2014,Oct,61.8,59.2,668290,640647,27643,4.1
2014,Nov,61.8,59.3,668912,641566,27346,4.1
2014,Dec,61.8,59.3,669552,642477,27075,4.0
2015,Jan,61.9,59.4,670037,643262,26775,4.0
2015,Feb,61.9,59.4,670669,644276,26393,3.9
2015,Mar,61.9,59.5,671270,645400,25870,3.9
2015,Apr,62.0,59.6,671883,646611,25272,3.8
2015,May,62.0,59.7,672531,647848,24683,3.7
2015,Jun,62.0,59.8,673202,649060,24142,3.6
2015,Jul,62.1,59.9,673942,650288,23654,3.5
2015,Aug,62.1,59.9,674760,651571,23189,3.4
2015,Sep,62.1,60.0,675591,652891,22700,3.4
2015,Oct,62.2,60.1,676414,654236,22178,3.3
2015,Nov,62.2,60.2,677189,655529,21660,3.2
2015,Dec,62.2,60.3,677861,656656,21205,3.1
2016,Jan,62.2,60.3,678412,657553,20859,3.1
2016,Feb,62.2,60.3,678930,658255,20675,3.0
2016,Mar,62.3,60.4,679536,658903,20633,3.0
2016,Apr,62.3,60.4,680322,659690,20632,3.0
2016,May,62.4,60.5,681389,660776,20613,3.0
2016,Jun,62.5,60.6,682721,662181,20540,3.0
2016,Jul,62.6,60.7,684127,663757,20370,3.0
2016,Aug,62.7,60.8,685410,665279,20131,2.9
2016,Sep,62.7,60.9,686464,666585,19879,2.9
2016,Oct,62.8,61.0,687208,667580,19628,2.9
2016,Nov,62.8,61.1,687668,668305,19363,2.8
2016,Dec,62.8,61.1,687924,668843,19081,2.8
2017,Jan,62.9,61.1,688024,669251,18773,2.7
2017,Feb,62.9,61.2,687957,669537,18420,2.7
2017,Mar,62.9,61.2,687625,669607,18018,2.6
2017,Apr,62.8,61.2,686961,669390,17571,2.6
2017,May,62.7,61.1,685965,668886,17079,2.5
2017,Jun,62.6,61.1,684689,668120,16569,2.4
2017,Jul,62.5,61.0,683294,667191,16103,2.4
2017,Aug,62.4,60.9,681950,666235,15715,2.3
2017,Sep,62.2,60.8,680790,665358,15432,2.3
2017,Oct,62.2,60.8,679933,664648,15285,2.2
2017,Nov,62.1,60.7,679401,664138,15263,2.2
2017,Dec,62.1,60.7,679141,663827,15314,2.3
2018,Jan,62.1,60.7,679065,663660,15405,2.3
2018,Feb,62.1,60.7,679046,663511,15535,2.3
2018,Mar,62.1,60.7,678937,663231,15706,2.3
2018,Apr,62.1,60.6,678570,662636,15934,2.3
2018,May,62.0,60.5,677814,661581,16233,2.4
2018,Jun,61.9,60.4,676721,660105,16616,2.5
2018,Jul,61.8,60.2,675415,658357,17058,2.5
2018,Aug,61.7,60.1,674009,656498,17511,2.6
2018,Sep,61.5,59.9,672600,654679,17921,2.7
2018,Oct,61.4,59.8,671226,652992,18234,2.7
2018,Nov,61.3,59.6,669859,651429,18430,2.8
2018,Dec,61.2,59.5,668439,649931,18508,2.8
2019,Jan,61.1,59.4,666938,648451,18487,2.8
2019,Feb,60.9,59.2,665402,647012,18390,2.8
2019,Mar,60.8,59.1,664000,645727,18273,2.8
2019,Apr,60.7,59.1,662973,644777,18196,2.7
2019,May,60.7,59.0,662531,644353,18178,2.7
2019,Jun,60.7,59.1,662720,644530,18190,2.7
2019,Jul,60.8,59.1,663544,645387,18157,2.7
2019,Aug,60.9,59.3,664641,646583,18058,2.7
2019,Sep,61.0,59.4,665785,647883,17902,2.7
2019,Oct,61.1,59.5,666583,648848,17735,2.7
2019,Nov,61.1,59.5,666654,648988,17666,2.6
2019,Dec,61.1,59.5,666539,648873,17666,2.7
2020,Jan,61.3,59.6,668169,650377,17792,2.7
2020,Feb,61.4,59.7,669072,651215,17857,2.7
2020,Mar,61.1,59.6,665727,649770,15957,2.4
2020,Apr,58.2,44.3,633724,482814,150910,23.8
2020,May,57.5,44.0,626986,479621,147365,23.5
2020,Jun,57.9,50.2,630798,546317,84481,13.4
2020,Jul,58.6,50.7,638124,552045,86079,13.5
2020,Aug,58.5(P),51.2(P),636886(P),557206(P),79680(P),12.5(P)
