Year,Period,labor force participation rate,employment-population ratio,labor force,employment,unemployment,unemployment rate
2010,Jan,60.6,56.1,2065028,1911282,153746,7.4
2010,Feb,60.8,56.2,2072458,1916327,156131,7.5
2010,Mar,61.0,56.3,2080069,1921681,158388,7.6
2010,Apr,60.8,56.1,2086900,1926189,160711,7.7
2010,May,60.9,56.1,2092101,1929083,163018,7.8
2010,Jun,60.9,56.1,2094979,1929545,165434,7.9
2010,Jul,60.8,56.0,2095489,1927347,168142,8.0
2010,Aug,60.7,55.8,2094171,1923376,170795,8.2
2010,Sep,60.6,55.6,2091694,1918710,172984,8.3
2010,Oct,60.5,55.4,2089158,1914750,174408,8.3
2010,Nov,60.4,55.3,2086945,1912139,174806,8.4
2010,Dec,60.3,55.2,2084897,1910814,174083,8.3
2011,Jan,60.1,55.2,2082966,1910437,172529,8.3
2011,Feb,60.0,55.1,2080850,1910324,170526,8.2
2011,Mar,59.9,55.1,2078080,1909919,168161,8.1
2011,Apr,59.8,55.0,2074660,1909053,165607,8.0
2011,May,59.6,54.9,2071476,1908068,163408,7.9
2011,Jun,59.5,54.9,2069314,1907671,161643,7.8
2011,Jul,59.4,54.8,2068547,1908367,160180,7.7
2011,Aug,59.4,54.9,2068989,1909945,159044,7.7
2011,Sep,59.4,54.9,2069983,1911840,158143,7.6
2011,Oct,59.4,54.9,2070931,1913517,157414,7.6
2011,Nov,59.4,54.9,2071370,1914670,156700,7.6
2011,Dec,59.4,54.9,2071368,1915529,155839,7.5
2012,Jan,59.3,54.9,2071658,1916726,154932,7.5
2012,Feb,59.3,54.9,2073080,1918815,154265,7.4
2012,Mar,59.4,55.0,2075571,1921592,153979,7.4
2012,Apr,59.4,55.0,2078081,1924525,153556,7.4
2012,May,59.5,55.1,2079852,1927516,152336,7.3
2012,Jun,59.4,55.2,2080624,1930777,149847,7.2
2012,Jul,59.4,55.2,2080660,1934486,146174,7.0
2012,Aug,59.4,55.3,2080892,1938467,142425,6.8
2012,Sep,59.4,55.4,2082392,1942392,140000,6.7
2012,Oct,59.4,55.4,2085197,1945682,139515,6.7
2012,Nov,59.5,55.5,2088848,1947834,141014,6.8
2012,Dec,59.6,55.5,2092629,1948748,143881,6.9
2013,Jan,59.6,55.4,2095766,1948681,147085,7.0
2013,Feb,59.7,55.4,2097870,1948351,149519,7.1
2013,Mar,59.7,55.4,2099138,1948749,150389,7.2
2013,Apr,59.7,55.4,2100337,1950743,149594,7.1
2013,May,59.7,55.5,2101514,1953900,147614,7.0
2013,Jun,59.7,55.6,2102566,1957422,145144,6.9
2013,Jul,59.7,55.6,2103477,1960947,142530,6.8
2013,Aug,59.6,55.7,2103643,1964537,139106,6.6
2013,Sep,59.6,55.8,2102914,1968399,134515,6.4
2013,Oct,59.5,55.9,2102349,1972749,129600,6.2
2013,Nov,59.5,56.0,2102929,1977783,125146,6.0
2013,Dec,59.6,56.1,2104957,1983169,121788,5.8
2014,Jan,59.6,56.2,2106326,1986341,119985,5.7
2014,Feb,59.7,56.3,2111132,1991501,119631,5.7
2014,Mar,59.8,56.4,2117647,1996305,121342,5.7
2014,Apr,60.0,56.5,2125752,2000684,125068,5.9
2014,May,60.3,56.6,2135363,2005356,130007,6.1
2014,Jun,60.6,56.7,2146419,2010981,135438,6.3
2014,Jul,60.9,56.9,2158084,2017224,140860,6.5
2014,Aug,61.2,57.0,2169595,2023700,145895,6.7
2014,Sep,61.4,57.2,2179721,2029720,150001,6.9
2014,Oct,61.6,57.3,2186761,2034365,152396,7.0
2014,Nov,61.6,57.3,2189785,2036932,152853,7.0
2014,Dec,61.6,57.3,2189469,2037589,151880,6.9
2015,Jan,61.4,57.2,2185858,2035826,150032,6.9
2015,Feb,61.3,57.2,2181833,2034113,147720,6.8
2015,Mar,61.1,57.1,2177063,2032196,144867,6.7
2015,Apr,61.0,57.0,2171805,2030256,141549,6.5
2015,May,60.8,56.9,2166106,2027977,138129,6.4
2015,Jun,60.6,56.8,2159887,2024933,134954,6.2
2015,Jul,60.4,56.7,2153539,2021216,132323,6.1
2015,Aug,60.2,56.5,2147667,2017140,130527,6.1
2015,Sep,60.0,56.4,2142848,2013302,129546,6.0
2015,Oct,59.9,56.3,2139798,2010439,129359,6.0
2015,Nov,59.8,56.2,2138611,2008747,129864,6.1
2015,Dec,59.8,56.2,2138363,2007811,130552,6.1
2016,Jan,59.8,56.1,2137970,2006984,130986,6.1
2016,Feb,59.7,56.1,2136854,2005772,131082,6.1
2016,Mar,59.6,56.0,2134513,2003738,130775,6.1
2016,Apr,59.5,55.9,2131255,2000925,130330,6.1
2016,May,59.4,55.8,2127715,1997716,129999,6.1
2016,Jun,59.3,55.7,2124011,1994325,129686,6.1
2016,Jul,59.2,55.5,2120121,1990846,129275,6.1
2016,Aug,59.0,55.4,2116013,1987234,128779,6.1
2016,Sep,58.9,55.3,2111963,1983765,128198,6.1
2016,Oct,58.8,55.3,2108204,1980936,127268,6.0
2016,Nov,58.7,55.2,2105093,1979313,125780,6.0
2016,Dec,58.7,55.2,2103040,1979129,123911,5.9
2017,Jan,58.6,55.2,2102045,1980236,121809,5.8
2017,Feb,58.6,55.3,2101611,1982282,119329,5.7
2017,Mar,58.6,55.4,2101300,1984718,116582,5.5
2017,Apr,58.6,55.5,2101151,1987448,113703,5.4
2017,May,58.6,55.6,2101066,1990432,110634,5.3
2017,Jun,58.7,55.6,2101283,1993636,107647,5.1
2017,Jul,58.7,55.7,2102143,1997121,105022,5.0
2017,Aug,58.7,55.8,2103425,2000746,102679,4.9
2017,Sep,58.7,55.9,2104598,2004011,100587,4.8
2017,Oct,58.8,56.0,2105373,2006482,98891,4.7
2017,Nov,58.8,56.0,2105777,2007922,97855,4.6
2017,Dec,58.8,56.1,2105982,2008419,97563,4.6
2018,Jan,58.8,56.1,2106452,2008150,98302,4.7
2018,Feb,58.8,56.0,2107557,2007428,100129,4.8
2018,Mar,58.9,56.0,2108976,2006500,102476,4.9
2018,Apr,58.9,56.0,2109591,2005076,104515,5.0
2018,May,58.9,55.9,2108905,2003101,105804,5.0
2018,Jun,58.9,55.9,2107173,2001127,106046,5.0
2018,Jul,58.8,55.8,2104700,1999524,105176,5.0
2018,Aug,58.7,55.8,2102370,1998536,103834,4.9
2018,Sep,58.7,55.8,2100951,1998331,102620,4.9
2018,Oct,58.7,55.8,2100385,1998691,101694,4.8
2018,Nov,58.7,55.8,2100030,1999216,100814,4.8
2018,Dec,58.6,55.9,2099173,1999486,99687,4.7
2019,Jan,58.6,55.9,2097303,1999204,98099,4.7
2019,Feb,58.5,55.8,2094204,1998071,96133,4.6
2019,Mar,58.4,55.8,2090667,1996265,94402,4.5
2019,Apr,58.4,55.8,2087912,1994496,93416,4.5
2019,May,58.3,55.7,2086757,1993195,93562,4.5
2019,Jun,58.4,55.7,2087601,1992477,95124,4.6
2019,Jul,58.5,55.7,2090833,1992463,98370,4.7
2019,Aug,58.6,55.7,2094998,1992636,102362,4.9
2019,Sep,58.7,55.7,2099185,1993090,106095,5.1
2019,Oct,58.8,55.7,2102225,1993322,108903,5.2
2019,Nov,58.8,55.7,2102578,1993247,109331,5.2
2019,Dec,58.8,55.7,2102205,1993208,108997,5.2
2020,Jan,58.9,55.8,2107207,1995892,111315,5.3
2020,Feb,59.0,56.0,2109980,2000126,109854,5.2
2020,Mar,59.5,55.5,2126568,1984927,141641,6.7
2020,Apr,54.1,45.9,1931888,1640602,291286,15.1
2020,May,56.9,48.8,2031725,1742230,289495,14.2
2020,Jun,55.9,50.5,1995557,1805027,190530,9.5
2020,Jul,56.3,51.0,2011263,1822773,188490,9.4
2020,Aug,58.9(P),54.4(P),2103973(P),1943329(P),160644(P),7.6(P)
