Year,Period,labor force participation rate,employment-population ratio,labor force,employment,unemployment,unemployment rate
2010,Jan,63.2,58.7,1762129,1637478,124651,7.1
2010,Feb,63.2,58.8,1765089,1640106,124983,7.1
2010,Mar,63.3,58.8,1768033,1643404,124629,7.0
2010,Apr,62.4,58.1,1770146,1646616,123530,7.0
2010,May,62.4,58.1,1771014,1649251,121763,6.9
2010,Jun,62.3,58.1,1770646,1650800,119846,6.8
2010,Jul,62.2,58.0,1769672,1651238,118434,6.7
2010,Aug,62.1,58.0,1768714,1651115,117599,6.6
2010,Sep,62.0,57.9,1767697,1650791,116906,6.6
2010,Oct,62.0,57.9,1766887,1650941,115946,6.6
2010,Nov,61.9,57.9,1766457,1651964,114493,6.5
2010,Dec,61.9,57.9,1766175,1653805,112370,6.4
2011,Jan,61.8,58.0,1766062,1656299,109763,6.2
2011,Feb,61.8,58.0,1765950,1658841,107109,6.1
2011,Mar,61.7,58.1,1765628,1660769,104859,5.9
2011,Apr,61.7,58.1,1765413,1662020,103393,5.9
2011,May,61.7,58.1,1765957,1663035,102922,5.8
2011,Jun,61.7,58.1,1767483,1664294,103189,5.8
2011,Jul,61.7,58.1,1770025,1666276,103749,5.9
2011,Aug,61.8,58.2,1773419,1669161,104258,5.9
2011,Sep,61.9,58.2,1777402,1673050,104352,5.9
2011,Oct,62.0,58.3,1781588,1677833,103755,5.8
2011,Nov,62.0,58.5,1785444,1683016,102428,5.7
2011,Dec,62.1,58.6,1788652,1688127,100525,5.6
2012,Jan,62.2,58.7,1791292,1692991,98301,5.5
2012,Feb,62.2,58.9,1793798,1697668,96130,5.4
2012,Mar,62.2,59.0,1796310,1701839,94471,5.3
2012,Apr,62.3,59.0,1798586,1705050,93536,5.2
2012,May,62.3,59.1,1800770,1707487,93283,5.2
2012,Jun,62.3,59.1,1803132,1709691,93441,5.2
2012,Jul,62.4,59.1,1805752,1712096,93656,5.2
2012,Aug,62.4,59.2,1808483,1714606,93877,5.2
2012,Sep,62.4,59.2,1810949,1716687,94262,5.2
2012,Oct,62.4,59.2,1812407,1717573,94834,5.2
2012,Nov,62.4,59.1,1812407,1716847,95560,5.3
2012,Dec,62.3,59.0,1811131,1714754,96377,5.3
2013,Jan,62.1,58.8,1807341,1711853,95488,5.3
2013,Feb,62.0,58.7,1805240,1709016,96224,5.3
2013,Mar,61.9,58.6,1803826,1707237,96589,5.4
2013,Apr,61.9,58.6,1803639,1707121,96518,5.4
2013,May,61.8,58.5,1804215,1708011,96204,5.3
2013,Jun,61.8,58.5,1804808,1708896,95912,5.3
2013,Jul,61.8,58.5,1804774,1709059,95715,5.3
2013,Aug,61.7,58.4,1803680,1708323,95357,5.3
2013,Sep,61.6,58.3,1801696,1707017,94679,5.3
2013,Oct,61.4,58.2,1799409,1705549,93860,5.2
2013,Nov,61.3,58.2,1797259,1704363,92896,5.2
2013,Dec,61.2,58.1,1795219,1703571,91648,5.1
2014,Jan,61.2,58.1,1794594,1704523,90071,5.0
2014,Feb,61.1,58.1,1792744,1704867,87877,4.9
2014,Mar,61.0,58.1,1791189,1705585,85604,4.8
2014,Apr,60.9,58.1,1790041,1706533,83508,4.7
2014,May,60.9,58.1,1789757,1708164,81593,4.6
2014,Jun,60.8,58.1,1790984,1711052,79932,4.5
2014,Jul,60.9,58.2,1793663,1715072,78591,4.4
2014,Aug,61.0,58.3,1797684,1720105,77579,4.3
2014,Sep,61.1,58.5,1802671,1725867,76804,4.3
2014,Oct,61.2,58.6,1807931,1731847,76084,4.2
2014,Nov,61.3,58.8,1812911,1737409,75502,4.2
2014,Dec,61.5,58.9,1817675,1742235,75440,4.2
2015,Jan,61.5,59.0,1821827,1745942,75885,4.2
2015,Feb,61.7,59.0,1826108,1748834,77274,4.2
2015,Mar,61.7,59.1,1829902,1750933,78969,4.3
2015,Apr,61.8,59.1,1832855,1752373,80482,4.4
2015,May,61.8,59.1,1834597,1753129,81468,4.4
2015,Jun,61.8,59.0,1835021,1753194,81827,4.5
2015,Jul,61.7,59.0,1834622,1752870,81752,4.5
2015,Aug,61.6,58.9,1833903,1752369,81534,4.4
2015,Sep,61.6,58.9,1833337,1751944,81393,4.4
2015,Oct,61.6,58.8,1833578,1751951,81627,4.5
2015,Nov,61.6,58.8,1834755,1752363,82392,4.5
2015,Dec,61.6,58.8,1836207,1752706,83501,4.5
2016,Jan,61.6,58.8,1837085,1752370,84715,4.6
2016,Feb,61.6,58.7,1836866,1750944,85922,4.7
2016,Mar,61.5,58.6,1835582,1748477,87105,4.7
2016,Apr,61.4,58.4,1833787,1745479,88308,4.8
2016,May,61.3,58.3,1832047,1742616,89431,4.9
2016,Jun,61.2,58.2,1830671,1740451,90220,4.9
2016,Jul,61.2,58.2,1829904,1739397,90507,4.9
2016,Aug,61.2,58.1,1829689,1739407,90282,4.9
2016,Sep,61.1,58.1,1829619,1740019,89600,4.9
2016,Oct,61.1,58.1,1829179,1740737,88442,4.8
2016,Nov,61.1,58.2,1828368,1741517,86851,4.8
2016,Dec,61.0,58.2,1827523,1742462,85061,4.7
2017,Jan,61.0,58.2,1827099,1743751,83348,4.6
2017,Feb,61.0,58.3,1827377,1745589,81788,4.5
2017,Mar,61.0,58.3,1828311,1747876,80435,4.4
2017,Apr,61.1,58.4,1830043,1750709,79334,4.3
2017,May,61.1,58.5,1832576,1754120,78456,4.3
2017,Jun,61.2,58.6,1835464,1757734,77730,4.2
2017,Jul,61.3,58.7,1838179,1761105,77074,4.2
2017,Aug,61.3,58.8,1840336,1763963,76373,4.1
2017,Sep,61.4,58.9,1841880,1766322,75558,4.1
2017,Oct,61.4,58.9,1842926,1768335,74591,4.0
2017,Nov,61.4,58.9,1843553,1770004,73549,4.0
2017,Dec,61.4,59.0,1843994,1771551,72443,3.9
2018,Jan,61.4,59.0,1844534,1773283,71251,3.9
2018,Feb,61.4,59.1,1845258,1775321,69937,3.8
2018,Mar,61.4,59.1,1845872,1777502,68370,3.7
2018,Apr,61.4,59.2,1845634,1779199,66435,3.6
2018,May,61.3,59.2,1844224,1779946,64278,3.5
2018,Jun,61.2,59.1,1842004,1779858,62146,3.4
2018,Jul,61.1,59.1,1839436,1779201,60235,3.3
2018,Aug,61.0,59.0,1837189,1778274,58915,3.2
2018,Sep,60.9,59.0,1835780,1777348,58432,3.2
2018,Oct,60.8,58.9,1835349,1776637,58712,3.2
2018,Nov,60.8,58.9,1835734,1776335,59399,3.2
2018,Dec,60.8,58.8,1836478,1776433,60045,3.3
2019,Jan,60.8,58.8,1837017,1776712,60305,3.3
2019,Feb,60.8,58.8,1837111,1777026,60085,3.3
2019,Mar,60.8,58.8,1837004,1777425,59579,3.2
2019,Apr,60.7,58.8,1837101,1778063,59038,3.2
2019,May,60.7,58.8,1837778,1779004,58774,3.2
2019,Jun,60.7,58.8,1839224,1780170,59054,3.2
2019,Jul,60.8,58.8,1841427,1781526,59901,3.3
2019,Aug,60.8,58.8,1843446,1782527,60919,3.3
2019,Sep,60.8,58.8,1845138,1783397,61741,3.3
2019,Oct,60.8,58.8,1846046,1783842,62204,3.4
2019,Nov,60.8,58.7,1845800,1783677,62123,3.4
2019,Dec,60.7,58.7,1845530,1783548,61982,3.4
2020,Jan,60.7,58.7,1845422,1784815,60607,3.3
2020,Feb,60.6,58.7,1844257,1785827,58430,3.2
2020,Mar,60.1,58.4,1829828,1776101,53727,2.9
2020,Apr,58.4,49.8,1776346,1515047,261299,14.7
2020,May,59.9,52.3,1823007,1592762,230245,12.6
2020,Jun,58.0,54.3,1767340,1653543,113797,6.4
2020,Jul,59.2,55.0,1804753,1676888,127865,7.1
2020,Aug,60.1(P),56.7(P),1833289(P),1728509(P),104780(P),5.7(P)
