Year,Period,labor force participation rate,employment-population ratio,labor force,employment,unemployment,unemployment rate
2010,Jan,61.1,53.9,2145645,1894376,251269,11.7
2010,Feb,61.1,54.0,2149682,1898964,250718,11.7
2010,Mar,61.2,54.1,2152972,1904386,248586,11.5
2010,Apr,60.4,53.5,2155305,1909849,245456,11.4
2010,May,60.4,53.6,2156277,1914770,241507,11.2
2010,Jun,60.3,53.7,2156087,1918470,237617,11.0
2010,Jul,60.3,53.7,2155664,1920713,234951,10.9
2010,Aug,60.2,53.7,2155740,1921853,233887,10.8
2010,Sep,60.2,53.6,2156437,1922440,233997,10.9
2010,Oct,60.2,53.6,2157730,1923333,234397,10.9
2010,Nov,60.1,53.6,2159330,1925054,234276,10.8
2010,Dec,60.1,53.6,2161062,1927611,233451,10.8
2011,Jan,60.2,53.7,2163248,1930858,232390,10.7
2011,Feb,60.2,53.8,2165830,1934318,231512,10.7
2011,Mar,60.2,53.8,2168282,1937403,230879,10.6
2011,Apr,60.2,53.8,2170590,1939862,230728,10.6
2011,May,60.3,53.9,2173259,1941840,231419,10.6
2011,Jun,60.3,53.9,2176264,1943742,232522,10.7
2011,Jul,60.3,53.9,2179012,1945895,233117,10.7
2011,Aug,60.3,53.9,2180986,1948447,232539,10.7
2011,Sep,60.3,53.9,2181994,1951575,230419,10.6
2011,Oct,60.2,54.0,2182409,1955385,227024,10.4
2011,Nov,60.2,54.0,2182445,1959639,222806,10.2
2011,Dec,60.1,54.1,2182210,1963918,218292,10.0
2012,Jan,60.0,54.2,2182119,1968013,214106,9.8
2012,Feb,60.0,54.2,2182773,1971778,210995,9.7
2012,Mar,60.0,54.2,2184266,1974823,209443,9.6
2012,Apr,60.0,54.2,2185696,1977014,208682,9.5
2012,May,59.9,54.2,2186565,1978892,207673,9.5
2012,Jun,59.9,54.3,2186785,1981245,205540,9.4
2012,Jul,59.8,54.3,2186911,1984885,202026,9.2
2012,Aug,59.8,54.4,2187515,1989646,197869,9.0
2012,Sep,59.7,54.4,2188492,1994465,194027,8.9
2012,Oct,59.7,54.5,2188992,1998136,190856,8.7
2012,Nov,59.6,54.5,2188449,1999979,188470,8.6
2012,Dec,59.5,54.4,2186741,2000091,186650,8.5
2013,Jan,59.6,54.6,2194191,2009163,185028,8.4
2013,Feb,59.5,54.5,2191419,2008325,183094,8.4
2013,Mar,59.4,54.5,2189284,2008920,180364,8.2
2013,Apr,59.3,54.5,2188745,2011747,176998,8.1
2013,May,59.3,54.6,2189813,2016341,173472,7.9
2013,Jun,59.2,54.6,2191736,2021573,170163,7.8
2013,Jul,59.2,54.7,2193371,2026367,167004,7.6
2013,Aug,59.2,54.8,2193690,2030507,163183,7.4
2013,Sep,59.1,54.8,2192758,2034334,158424,7.2
2013,Oct,59.0,54.8,2191562,2038170,153392,7.0
2013,Nov,58.9,54.9,2191109,2042499,148610,6.8
2013,Dec,58.8,54.9,2191798,2047455,144343,6.6
2014,Jan,58.8,55.0,2192798,2052126,140672,6.4
2014,Feb,58.8,55.1,2195471,2057451,138020,6.3
2014,Mar,58.8,55.2,2199502,2062513,136989,6.2
2014,Apr,58.9,55.2,2204642,2066823,137819,6.3
2014,May,59.0,55.2,2210578,2070652,139926,6.3
2014,Jun,59.1,55.3,2217336,2074712,142624,6.4
2014,Jul,59.2,55.3,2224689,2079282,145407,6.5
2014,Aug,59.3,55.4,2232423,2084528,147895,6.6
2014,Sep,59.4,55.5,2239966,2090391,149575,6.7
2014,Oct,59.5,55.5,2246285,2096431,149854,6.7
2014,Nov,59.5,55.6,2250696,2101881,148815,6.6
2014,Dec,59.5,55.7,2253791,2106459,147332,6.5
2015,Jan,59.6,55.8,2260386,2113892,146494,6.5
2015,Feb,59.6,55.8,2263178,2117582,145596,6.4
2015,Mar,59.6,55.8,2266055,2121533,144522,6.4
2015,Apr,59.6,55.9,2268702,2126010,142692,6.3
2015,May,59.6,55.9,2270840,2130771,140069,6.2
2015,Jun,59.5,55.9,2272322,2135392,136930,6.0
2015,Jul,59.5,56.0,2273546,2139834,133712,5.9
2015,Aug,59.4,56.0,2275005,2144099,130906,5.8
2015,Sep,59.4,56.1,2276928,2148296,128632,5.6
2015,Oct,59.4,56.1,2279762,2152707,127055,5.6
2015,Nov,59.4,56.1,2283650,2157415,126235,5.5
2015,Dec,59.4,56.2,2287732,2162132,125600,5.5
2016,Jan,59.4,56.2,2291091,2166397,124694,5.4
2016,Feb,59.4,56.2,2293423,2169928,123495,5.4
2016,Mar,59.4,56.2,2294748,2172723,122025,5.3
2016,Apr,59.3,56.2,2295683,2175240,120443,5.2
2016,May,59.3,56.2,2296654,2177878,118776,5.2
2016,Jun,59.2,56.2,2297516,2180630,116886,5.1
2016,Jul,59.1,56.2,2298185,2183470,114715,5.0
2016,Aug,59.1,56.2,2298778,2186259,112519,4.9
2016,Sep,59.0,56.2,2299557,2188857,110700,4.8
2016,Oct,58.9,56.1,2300329,2191210,109119,4.7
2016,Nov,58.9,56.1,2300988,2193555,107433,4.7
2016,Dec,58.8,56.1,2301759,2196060,105699,4.6
2017,Jan,58.8,56.1,2302787,2198812,103975,4.5
2017,Feb,58.7,56.1,2303971,2201818,102153,4.4
2017,Mar,58.7,56.1,2305250,2204694,100556,4.4
2017,Apr,58.7,56.1,2306727,2207324,99403,4.3
2017,May,58.6,56.1,2308547,2209859,98688,4.3
2017,Jun,58.6,56.1,2310850,2212394,98456,4.3
2017,Jul,58.6,56.1,2313304,2214704,98600,4.3
2017,Aug,58.6,56.1,2315408,2216712,98696,4.3
2017,Sep,58.6,56.1,2317122,2218754,98368,4.2
2017,Oct,58.5,56.1,2318668,2221181,97487,4.2
2017,Nov,58.5,56.1,2320154,2224179,95975,4.1
2017,Dec,58.5,56.1,2321646,2228024,93622,4.0
2018,Jan,58.4,56.2,2323502,2232819,90683,3.9
2018,Feb,58.4,56.2,2325939,2238369,87570,3.8
2018,Mar,58.4,56.3,2328663,2244195,84468,3.6
2018,Apr,58.4,56.4,2331110,2249393,81717,3.5
2018,May,58.4,56.4,2333214,2253422,79792,3.4
2018,Jun,58.4,56.4,2335368,2256694,78674,3.4
2018,Jul,58.4,56.4,2338109,2260018,78091,3.3
2018,Aug,58.4,56.5,2341903,2264006,77897,3.3
2018,Sep,58.4,56.5,2346596,2268697,77899,3.3
2018,Oct,58.5,56.6,2351941,2273860,78081,3.3
2018,Nov,58.6,56.6,2357630,2279069,78561,3.3
2018,Dec,58.6,56.7,2363064,2283671,79393,3.4
2019,Jan,58.7,56.7,2367422,2287166,80256,3.4
2019,Feb,58.7,56.7,2370060,2289490,80570,3.4
2019,Mar,58.6,56.7,2371243,2291362,79881,3.4
2019,Apr,58.6,56.7,2371542,2293871,77671,3.3
2019,May,58.5,56.7,2371610,2297752,73858,3.1
2019,Jun,58.4,56.7,2372211,2303048,69163,2.9
2019,Jul,58.4,56.8,2374220,2309920,64300,2.7
2019,Aug,58.4,56.9,2376923,2316783,60140,2.5
2019,Sep,58.4,57.0,2380292,2322842,57450,2.4
2019,Oct,58.4,57.0,2383056,2326812,56244,2.4
2019,Nov,58.3,56.9,2383533,2326821,56712,2.4
2019,Dec,58.2,56.8,2383297,2326018,57279,2.4
2020,Jan,58.3,56.9,2387096,2330497,56599,2.4
2020,Feb,58.3,56.9,2391855,2333224,58631,2.5
2020,Mar,58.6,56.7,2405171,2328802,76369,3.2
2020,Apr,57.8,50.4,2376830,2073470,303360,12.8
2020,May,58.7,51.4,2416098,2116430,299668,12.4
2020,Jun,59.2,54.0,2438395,2226783,211612,8.7
2020,Jul,59.6,54.4,2458905,2246003,212902,8.7
2020,Aug,58.5(P),54.8(P),2417471(P),2264535(P),152936(P),6.3(P)
