Year,Period,labor force participation rate,employment-population ratio,labor force,employment,unemployment,unemployment rate
2010,Jan,65.0,57.9,1967463,1752287,215176,10.9
2010,Feb,65.1,58.0,1972219,1756351,215868,10.9
2010,Mar,65.2,58.1,1976473,1760547,215926,10.9
2010,Apr,65.5,58.3,1979679,1764584,215095,10.9
2010,May,65.5,58.4,1981748,1768359,213389,10.8
2010,Jun,65.5,58.5,1983223,1771808,211415,10.7
2010,Jul,65.5,58.5,1984774,1774965,209809,10.6
2010,Aug,65.4,58.6,1986782,1778138,208644,10.5
2010,Sep,65.5,58.6,1989230,1781560,207670,10.4
2010,Oct,65.5,58.7,1991833,1785539,206294,10.4
2010,Nov,65.5,58.8,1994009,1790046,203963,10.2
2010,Dec,65.5,58.9,1995337,1794730,200607,10.1
2011,Jan,65.4,59.0,1995928,1799192,196736,9.9
2011,Feb,65.4,59.0,1995957,1802805,193152,9.7
2011,Mar,65.3,59.1,1995613,1805065,190548,9.5
2011,Apr,65.2,59.0,1995145,1805872,189273,9.5
2011,May,65.1,59.0,1994847,1805535,189312,9.5
2011,Jun,65.1,58.9,1994642,1804653,189989,9.5
2011,Jul,65.0,58.8,1994457,1804031,190426,9.5
2011,Aug,64.9,58.7,1994112,1803997,190115,9.5
2011,Sep,64.8,58.7,1993268,1804394,188874,9.5
2011,Oct,64.7,58.7,1991813,1804859,186954,9.4
2011,Nov,64.6,58.6,1989605,1804848,184757,9.3
2011,Dec,64.5,58.5,1986580,1804002,182578,9.2
2012,Jan,64.3,58.4,1982713,1802207,180506,9.1
2012,Feb,64.1,58.3,1978231,1799565,178666,9.0
2012,Mar,63.9,58.2,1973317,1796114,177203,9.0
2012,Apr,63.7,58.0,1967875,1791931,175944,8.9
2012,May,63.4,57.8,1962194,1787555,174639,8.9
2012,Jun,63.2,57.6,1956474,1783319,173155,8.9
2012,Jul,63.0,57.4,1950606,1779137,171469,8.8
2012,Aug,62.7,57.2,1944745,1774907,169838,8.7
2012,Sep,62.5,57.1,1939239,1770720,168519,8.7
2012,Oct,62.3,56.9,1933900,1766539,167361,8.7
2012,Nov,62.0,56.7,1928581,1762465,166116,8.6
2012,Dec,61.8,56.5,1923380,1758815,164565,8.6
2013,Jan,61.6,56.4,1918564,1755911,162653,8.5
2013,Feb,61.5,56.3,1914533,1754171,160362,8.4
2013,Mar,61.3,56.3,1911585,1753830,157755,8.3
2013,Apr,61.3,56.3,1909970,1754910,155060,8.1
2013,May,61.2,56.3,1909278,1756713,152565,8.0
2013,Jun,61.1,56.3,1908985,1758586,150399,7.9
2013,Jul,61.1,56.3,1908801,1760355,148446,7.8
2013,Aug,61.0,56.3,1908410,1762092,146318,7.7
2013,Sep,60.9,56.3,1907949,1763894,144055,7.6
2013,Oct,60.9,56.3,1908135,1765905,142230,7.5
2013,Nov,60.8,56.3,1909513,1768430,141083,7.4
2013,Dec,60.9,56.4,1912046,1771555,140491,7.3
2014,Jan,61.0,56.5,1917578,1776888,140690,7.3
2014,Feb,61.1,56.6,1921448,1781627,139821,7.3
2014,Mar,61.1,56.7,1925161,1786730,138431,7.2
2014,Apr,61.2,56.8,1928463,1791853,136610,7.1
2014,May,61.2,56.9,1931550,1797101,134449,7.0
2014,Jun,61.2,57.1,1934959,1802732,132227,6.8
2014,Jul,61.3,57.2,1938696,1808486,130210,6.7
2014,Aug,61.3,57.3,1942628,1814176,128452,6.6
2014,Sep,61.4,57.4,1946418,1819691,126727,6.5
2014,Oct,61.4,57.5,1949453,1824864,124589,6.4
2014,Nov,61.4,57.5,1951316,1829375,121941,6.2
2014,Dec,61.3,57.6,1952579,1833334,119245,6.1
2015,Jan,61.3,57.6,1953568,1836649,116919,6.0
2015,Feb,61.3,57.7,1955891,1840534,115357,5.9
2015,Mar,61.3,57.7,1959313,1844888,114425,5.8
2015,Apr,61.4,57.8,1963714,1849906,113808,5.8
2015,May,61.5,57.9,1968658,1855485,113173,5.7
2015,Jun,61.5,58.0,1973643,1861429,112214,5.7
2015,Jul,61.6,58.1,1978665,1867764,110901,5.6
2015,Aug,61.6,58.2,1983882,1874540,109342,5.5
2015,Sep,61.7,58.4,1989537,1881908,107629,5.4
2015,Oct,61.8,58.5,1996251,1890275,105976,5.3
2015,Nov,61.9,58.7,2004236,1899646,104590,5.2
2015,Dec,62.1,58.9,2012757,1909296,103461,5.1
2016,Jan,62.2,59.1,2020960,1918358,102602,5.1
2016,Feb,62.4,59.2,2028317,1926180,102137,5.0
2016,Mar,62.4,59.3,2034536,1932529,102007,5.0
2016,Apr,62.5,59.4,2039723,1937623,102100,5.0
2016,May,62.5,59.4,2044195,1942015,102180,5.0
2016,Jun,62.5,59.4,2048199,1946308,101891,5.0
2016,Jul,62.5,59.5,2051899,1951011,100888,4.9
2016,Aug,62.5,59.5,2055195,1956069,99126,4.8
2016,Sep,62.5,59.6,2057956,1961147,96809,4.7
2016,Oct,62.5,59.7,2060099,1965957,94142,4.6
2016,Nov,62.5,59.7,2062092,1970720,91372,4.4
2016,Dec,62.5,59.8,2064658,1975823,88835,4.3
2017,Jan,62.5,59.9,2068179,1981334,86845,4.2
2017,Feb,62.6,60.0,2072672,1987188,85484,4.1
2017,Mar,62.7,60.1,2077839,1993011,84828,4.1
2017,Apr,62.8,60.2,2083300,1998465,84835,4.1
2017,May,62.8,60.3,2088485,2003240,85245,4.1
2017,Jun,62.9,60.3,2092727,2006925,85802,4.1
2017,Jul,62.9,60.3,2095682,2009373,86309,4.1
2017,Aug,62.9,60.3,2097392,2010789,86603,4.1
2017,Sep,62.8,60.2,2098221,2011532,86689,4.1
2017,Oct,62.8,60.2,2098442,2011793,86649,4.1
2017,Nov,62.7,60.1,2098180,2011586,86594,4.1
2017,Dec,62.6,60.0,2097630,2011131,86499,4.1
2018,Jan,62.5,60.0,2097096,2010773,86323,4.1
2018,Feb,62.5,59.9,2096731,2010720,86011,4.1
2018,Mar,62.4,59.9,2096318,2010909,85409,4.1
2018,Apr,62.3,59.8,2095429,2010989,84440,4.0
2018,May,62.2,59.8,2094131,2010772,83359,4.0
2018,Jun,62.1,59.7,2093119,2010549,82570,3.9
2018,Jul,62.1,59.6,2092913,2010555,82358,3.9
2018,Aug,62.0,59.6,2094044,2011103,82941,4.0
2018,Sep,62.0,59.6,2096605,2012385,84220,4.0
2018,Oct,62.1,59.5,2100148,2014284,85864,4.1
2018,Nov,62.1,59.6,2103843,2016433,87410,4.2
2018,Dec,62.2,59.6,2106704,2018316,88388,4.2
2019,Jan,62.2,59.5,2107966,2019483,88483,4.2
2019,Feb,62.1,59.5,2107405,2019776,87629,4.2
2019,Mar,62.0,59.5,2105727,2019569,86158,4.1
2019,Apr,61.9,59.4,2103937,2019541,84396,4.0
2019,May,61.8,59.4,2102670,2020170,82500,3.9
2019,Jun,61.7,59.4,2102160,2021645,80515,3.8
2019,Jul,61.7,59.4,2102460,2024262,78198,3.7
2019,Aug,61.6,59.4,2102758,2027120,75638,3.6
2019,Sep,61.5,59.4,2103078,2029880,73198,3.5
2019,Oct,61.5,59.4,2103183,2031830,71353,3.4
2019,Nov,61.4,59.4,2103089,2032001,71088,3.4
2019,Dec,61.4,59.3,2103105,2031743,71362,3.4
2020,Jan,61.4,59.3,2104158,2034344,69814,3.3
2020,Feb,61.3,59.3,2105508,2036466,69042,3.3
2020,Mar,61.5,59.3,2110900,2038010,72890,3.5
2020,Apr,61.4,52.3,2110693,1796681,314012,14.9
2020,May,61.7,52.9,2124082,1820588,303494,14.3
2020,Jun,62.7,55.4,2159459,1909526,249933,11.6
2020,Jul,59.8,53.6,2061771,1846582,215189,10.4
2020,Aug,59.5(P),54.9(P),2053867(P),1896117(P),157750(P),7.7(P)
