Year,Period,labor force participation rate,employment-population ratio,labor force,employment,unemployment,unemployment rate
2010,Jan,68.0,63.0,4111141,3805371,305770,7.4
2010,Feb,68.2,63.1,4124601,3817085,307516,7.5
2010,Mar,68.3,63.3,4137711,3830874,306837,7.4
2010,Apr,67.5,62.5,4148999,3844786,304213,7.3
2010,May,67.6,62.7,4157743,3857567,300176,7.2
2010,Jun,67.6,62.8,4163295,3867279,296016,7.1
2010,Jul,67.5,62.8,4166373,3873305,293068,7.0
2010,Aug,67.5,62.8,4168725,3877131,291594,7.0
2010,Sep,67.5,62.8,4171404,3880460,290944,7.0
2010,Oct,67.5,62.8,4175430,3885597,289833,6.9
2010,Nov,67.5,62.8,4180277,3892824,287453,6.9
2010,Dec,67.5,62.9,4184771,3900973,283798,6.8
2011,Jan,67.5,63.0,4188985,3909237,279748,6.7
2011,Feb,67.5,63.0,4192419,3916211,276208,6.6
2011,Mar,67.4,63.0,4194471,3920687,273784,6.5
2011,Apr,67.4,63.0,4195672,3922364,273308,6.5
2011,May,67.4,63.0,4197759,3922591,275168,6.6
2011,Jun,67.4,62.9,4202228,3923950,278278,6.6
2011,Jul,67.4,62.9,4209618,3928498,281120,6.7
2011,Aug,67.5,63.0,4218678,3936029,282649,6.7
2011,Sep,67.5,63.0,4227345,3945096,282249,6.7
2011,Oct,67.6,63.1,4233999,3954022,279977,6.6
2011,Nov,67.5,63.1,4236996,3960885,276111,6.5
2011,Dec,67.5,63.1,4235857,3964606,271251,6.4
2012,Jan,67.3,63.1,4231959,3965563,266396,6.3
2012,Feb,67.2,63.0,4227576,3964867,262709,6.2
2012,Mar,67.1,62.9,4223386,3962491,260895,6.2
2012,Apr,66.9,62.8,4219059,3958783,260276,6.2
2012,May,66.8,62.7,4215862,3955951,259911,6.2
2012,Jun,66.7,62.6,4214807,3955826,258981,6.1
2012,Jul,66.7,62.6,4216026,3959188,256838,6.1
2012,Aug,66.7,62.7,4219676,3965800,253876,6.0
2012,Sep,66.7,62.8,4225316,3974214,251102,5.9
2012,Oct,66.7,62.8,4230738,3981872,248866,5.9
2012,Nov,66.7,62.8,4234388,3986946,247442,5.8
2012,Dec,66.7,62.8,4235476,3988734,246742,5.8
2013,Jan,66.6,62.7,4233882,3987394,246488,5.8
2013,Feb,66.5,62.7,4231342,3985091,246251,5.8
2013,Mar,66.5,62.6,4230364,3984797,245567,5.8
2013,Apr,66.5,62.6,4232476,3988103,244373,5.8
2013,May,66.5,62.7,4236360,3993156,243204,5.7
2013,Jun,66.5,62.7,4240390,3997692,242698,5.7
2013,Jul,66.5,62.7,4243329,4000637,242692,5.7
2013,Aug,66.4,62.6,4243935,4001894,242041,5.7
2013,Sep,66.4,62.6,4242422,4002314,240108,5.7
2013,Oct,66.3,62.6,4240822,4003108,237714,5.6
2013,Nov,66.2,62.6,4240890,4005444,235446,5.6
2013,Dec,66.2,62.6,4242889,4009409,233480,5.5
2014,Jan,66.2,62.6,4243063,4011746,231317,5.5
2014,Feb,66.2,62.6,4246185,4016655,229530,5.4
2014,Mar,66.2,62.6,4248247,4020018,228229,5.4
2014,Apr,66.1,62.6,4248198,4020708,227490,5.4
2014,May,66.0,62.5,4246223,4019716,226507,5.3
2014,Jun,66.0,62.5,4243692,4018945,224747,5.3
2014,Jul,65.9,62.4,4241063,4018636,222427,5.2
2014,Aug,65.8,62.4,4239070,4019184,219886,5.2
2014,Sep,65.7,62.3,4237867,4020659,217208,5.1
2014,Oct,65.6,62.3,4236442,4022274,214168,5.1
2014,Nov,65.5,62.3,4233898,4023082,210816,5.0
2014,Dec,65.5,62.2,4231098,4023247,207851,4.9
2015,Jan,65.4,62.2,4228612,4023313,205299,4.9
2015,Feb,65.3,62.2,4226909,4023365,203544,4.8
2015,Mar,65.3,62.1,4225814,4024415,201399,4.8
2015,Apr,65.2,62.1,4224748,4026561,198187,4.7
2015,May,65.1,62.1,4222632,4028709,193923,4.6
2015,Jun,65.0,62.1,4218688,4029725,188963,4.5
2015,Jul,64.9,62.1,4213773,4029769,184004,4.4
2015,Aug,64.8,62.0,4209037,4029329,179708,4.3
2015,Sep,64.7,62.0,4205561,4029258,176303,4.2
2015,Oct,64.6,62.0,4205086,4031145,173941,4.1
2015,Nov,64.6,62.0,4208081,4035413,172668,4.1
2015,Dec,64.7,62.0,4212798,4040905,171893,4.1
2016,Jan,64.7,62.1,4217419,4046321,171098,4.1
2016,Feb,64.7,62.1,4221083,4050676,170407,4.0
2016,Mar,64.7,62.1,4223683,4053627,170056,4.0
2016,Apr,64.8,62.1,4226269,4055795,170474,4.0
2016,May,64.8,62.1,4230261,4058438,171823,4.1
2016,Jun,64.8,62.2,4236047,4062274,173773,4.1
2016,Jul,64.9,62.2,4243217,4067551,175666,4.1
2016,Aug,65.0,62.3,4251076,4073950,177126,4.2
2016,Sep,65.0,62.3,4258801,4080800,178001,4.2
2016,Oct,65.1,62.4,4265400,4087526,177874,4.2
2016,Nov,65.1,62.4,4271133,4094578,176555,4.1
2016,Dec,65.1,62.5,4276971,4102515,174456,4.1
2017,Jan,65.2,62.6,4283427,4111349,172078,4.0
2017,Feb,65.3,62.7,4290337,4120793,169544,4.0
2017,Mar,65.3,62.8,4296893,4129781,167112,3.9
2017,Apr,65.4,62.9,4303237,4138362,164875,3.8
2017,May,65.4,63.0,4309486,4146856,162630,3.8
2017,Jun,65.5,63.0,4315181,4154719,160462,3.7
2017,Jul,65.5,63.1,4319979,4161450,158529,3.7
2017,Aug,65.5,63.1,4323055,4166527,156528,3.6
2017,Sep,65.5,63.1,4324186,4170033,154153,3.6
2017,Oct,65.4,63.1,4323829,4172499,151330,3.5
2017,Nov,65.4,63.1,4322440,4174224,148216,3.4
2017,Dec,65.3,63.1,4321090,4176250,144840,3.4
2018,Jan,65.3,63.2,4321285,4179688,141597,3.3
2018,Feb,65.3,63.2,4324074,4185221,138853,3.2
2018,Mar,65.4,63.3,4328875,4192335,136540,3.2
2018,Apr,65.4,63.4,4333258,4198820,134438,3.1
2018,May,65.4,63.4,4335747,4203196,132551,3.1
2018,Jun,65.4,63.4,4336930,4206240,130690,3.0
2018,Jul,65.4,63.4,4337899,4209196,128703,3.0
2018,Aug,65.4,63.5,4340536,4213317,127219,2.9
2018,Sep,65.4,63.5,4345973,4219278,126695,2.9
2018,Oct,65.5,63.6,4354026,4226855,127171,2.9
2018,Nov,65.6,63.7,4363519,4235273,128246,2.9
2018,Dec,65.7,63.8,4372388,4243038,129350,3.0
2019,Jan,65.8,63.8,4378779,4248896,129883,3.0
2019,Feb,65.8,63.9,4381973,4252554,129419,3.0
2019,Mar,65.8,63.9,4383549,4255394,128155,2.9
2019,Apr,65.8,63.9,4385945,4259615,126330,2.9
2019,May,65.9,64.0,4390760,4266437,124323,2.8
2019,Jun,66.0,64.1,4398723,4276136,122587,2.8
2019,Jul,66.1,64.3,4410824,4289574,121250,2.7
2019,Aug,66.3,64.5,4423894,4303811,120083,2.7
2019,Sep,66.4,64.6,4435867,4316769,119098,2.7
2019,Oct,66.5,64.7,4444122,4325663,118459,2.7
2019,Nov,66.5,64.7,4444649,4326215,118434,2.7
2019,Dec,66.4,64.6,4443312,4324694,118618,2.7
2020,Jan,66.5,64.8,4453928,4335613,118315,2.7
2020,Feb,66.6,64.9,4462573,4345324,117249,2.6
2020,Mar,66.3,64.1,4439350,4294056,145294,3.3
2020,Apr,64.4,57.2,4314050,3831939,482111,11.2
2020,May,64.2,58.4,4306310,3916764,389546,9.0
2020,Jun,64.3,59.1,4314260,3964636,349624,8.1
2020,Jul,64.4,59.3,4323137,3981495,341642,7.9
2020,Aug,64.8(P),60.8(P),4349945(P),4082536(P),267409(P),6.1(P)
