Year,Period,labor force participation rate,employment-population ratio,labor force,employment,unemployment,unemployment rate
2010,Jan,66.9,59.3,6629263,5879062,750201,11.3
2010,Feb,67.0,59.5,6646430,5898678,747752,11.3
2010,Mar,67.1,59.7,6655359,5917703,737656,11.1
2010,Apr,67.3,60.0,6654739,5932888,721851,10.8
2010,May,67.2,60.1,6645625,5943454,702171,10.6
2010,Jun,67.1,60.1,6631747,5948816,682931,10.3
2010,Jul,66.9,60.1,6618603,5950375,668228,10.1
2010,Aug,66.8,60.1,6609418,5950971,658447,10.0
2010,Sep,66.6,60.1,6603128,5951512,651616,9.9
2010,Oct,66.6,60.0,6598069,5952925,645144,9.8
2010,Nov,66.5,60.0,6591482,5954456,637026,9.7
2010,Dec,66.3,60.0,6582389,5954441,627948,9.5
2011,Jan,66.2,60.0,6573539,5952822,620717,9.4
2011,Feb,66.1,59.9,6566762,5949580,617182,9.4
2011,Mar,66.1,59.8,6562927,5944798,618129,9.4
2011,Apr,66.0,59.8,6563289,5938760,624529,9.5
2011,May,66.1,59.7,6569329,5933281,636048,9.7
2011,Jun,66.1,59.6,6579893,5930717,649176,9.9
2011,Jul,66.2,59.6,6592480,5932875,659605,10.0
2011,Aug,66.3,59.7,6603943,5939511,664432,10.1
2011,Sep,66.4,59.7,6610989,5949295,661694,10.0
2011,Oct,66.3,59.8,6611838,5960203,651635,9.9
2011,Nov,66.3,59.9,6605805,5969807,635998,9.6
2011,Dec,66.1,59.9,6594308,5976406,617902,9.4
2012,Jan,66.0,59.9,6581090,5979812,601278,9.1
2012,Feb,65.9,59.9,6571177,5981308,589869,9.0
2012,Mar,65.8,59.9,6567040,5981313,585727,8.9
2012,Apr,65.8,59.9,6567372,5980357,587015,8.9
2012,May,65.8,59.9,6571517,5980993,590524,9.0
2012,Jun,65.8,59.9,6577714,5984744,592970,9.0
2012,Jul,65.9,60.0,6584040,5991553,592487,9.0
2012,Aug,65.9,60.0,6590143,5999586,590557,9.0
2012,Sep,65.9,60.0,6596052,6006010,590042,8.9
2012,Oct,66.0,60.0,6599251,6007289,591962,9.0
2012,Nov,65.9,60.0,6597998,6001762,596236,9.0
2012,Dec,65.8,59.8,6592027,5990669,601358,9.1
2013,Jan,65.7,59.7,6582499,5976602,605897,9.2
2013,Feb,65.6,59.5,6571939,5963501,608438,9.3
2013,Mar,65.5,59.4,6563015,5955200,607815,9.3
2013,Apr,65.5,59.4,6558406,5953676,604730,9.2
2013,May,65.4,59.4,6556908,5955695,601213,9.2
2013,Jun,65.4,59.4,6556074,5957303,598771,9.1
2013,Jul,65.3,59.4,6553792,5956577,597215,9.1
2013,Aug,65.3,59.4,6547571,5954206,593365,9.1
2013,Sep,65.2,59.3,6538493,5952790,585703,9.0
2013,Oct,65.1,59.3,6531285,5955019,576266,8.8
2013,Nov,65.0,59.4,6529007,5962789,566218,8.7
2013,Dec,65.0,59.5,6530529,5975241,555288,8.5
2014,Jan,65.1,59.7,6535431,5993052,542379,8.3
2014,Feb,65.1,59.8,6534756,6007828,526928,8.1
2014,Mar,65.0,59.9,6530889,6020562,510327,7.8
2014,Apr,64.9,60.0,6523322,6029722,493600,7.6
2014,May,64.8,60.1,6514281,6037402,476879,7.3
2014,Jun,64.8,60.2,6507901,6046821,461080,7.1
2014,Jul,64.7,60.3,6505054,6057874,447180,6.9
2014,Aug,64.7,60.4,6505576,6069687,435889,6.7
2014,Sep,64.7,60.5,6507158,6080707,426451,6.6
2014,Oct,64.7,60.6,6505589,6088861,416728,6.4
2014,Nov,64.6,60.6,6498925,6092601,406324,6.3
2014,Dec,64.5,60.6,6490580,6093224,397356,6.1
2015,Jan,64.4,60.5,6479540,6088283,391257,6.0
2015,Feb,64.4,60.6,6478614,6089834,388780,6.0
2015,Mar,64.5,60.6,6483485,6094889,388596,6.0
2015,Apr,64.6,60.7,6492377,6103447,388930,6.0
2015,May,64.7,60.8,6501191,6112982,388209,6.0
2015,Jun,64.7,60.9,6506555,6120533,386022,5.9
2015,Jul,64.7,60.9,6508842,6125365,383477,5.9
2015,Aug,64.8,61.0,6510127,6128163,381964,5.9
2015,Sep,64.8,61.0,6512908,6130997,381911,5.9
2015,Oct,64.9,61.0,6520952,6136825,384127,5.9
2015,Nov,65.0,61.1,6535516,6146369,389147,6.0
2015,Dec,65.2,61.3,6552831,6157544,395287,6.0
2016,Jan,65.3,61.4,6567794,6167588,400206,6.1
2016,Feb,65.4,61.4,6576715,6174341,402374,6.1
2016,Mar,65.5,61.5,6577603,6176953,400650,6.1
2016,Apr,65.4,61.5,6571787,6175766,396021,6.0
2016,May,65.3,61.4,6562522,6172165,390357,5.9
2016,Jun,65.2,61.4,6551737,6167321,384416,5.9
2016,Jul,65.1,61.3,6540568,6162291,378277,5.8
2016,Aug,65.0,61.3,6530343,6157339,373004,5.7
2016,Sep,64.9,61.2,6521502,6152224,369278,5.7
2016,Oct,64.8,61.2,6512450,6147124,365326,5.6
2016,Nov,64.7,61.1,6502562,6143598,358964,5.5
2016,Dec,64.6,61.1,6492891,6142661,350230,5.4
2017,Jan,64.5,61.2,6484711,6143987,340724,5.3
2017,Feb,64.5,61.2,6478255,6146694,331561,5.1
2017,Mar,64.5,61.2,6473705,6149056,324649,5.0
2017,Apr,64.4,61.3,6472076,6151235,320841,5.0
2017,May,64.5,61.3,6473346,6153887,319459,4.9
2017,Jun,64.5,61.3,6476716,6156853,319863,4.9
2017,Jul,64.6,61.4,6481304,6160307,320997,5.0
2017,Aug,64.6,61.4,6484128,6163798,320330,4.9
2017,Sep,64.6,61.4,6483625,6167026,316599,4.9
2017,Oct,64.6,61.5,6480390,6169955,310435,4.8
2017,Nov,64.5,61.5,6474985,6172027,302958,4.7
2017,Dec,64.5,61.5,6468743,6173887,294856,4.6
2018,Jan,64.4,61.6,6464113,6176211,287902,4.5
2018,Feb,64.5,61.6,6463085,6179396,283689,4.4
2018,Mar,64.5,61.7,6464625,6182845,281780,4.4
2018,Apr,64.5,61.7,6465232,6184640,280592,4.3
2018,May,64.5,61.7,6463579,6184058,279521,4.3
2018,Jun,64.5,61.7,6460591,6182634,277957,4.3
2018,Jul,64.5,61.7,6457531,6181715,275816,4.3
2018,Aug,64.5,61.7,6457071,6182617,274454,4.3
2018,Sep,64.5,61.8,6460176,6185692,274484,4.2
2018,Oct,64.6,61.8,6465769,6189695,276074,4.3
2018,Nov,64.6,61.8,6472201,6193166,279035,4.3
2018,Dec,64.7,61.9,6476504,6194343,282161,4.4
2019,Jan,64.7,61.9,6475751,6192440,283311,4.4
2019,Feb,64.6,61.8,6469321,6188045,281276,4.3
2019,Mar,64.6,61.8,6460202,6183400,276802,4.3
2019,Apr,64.5,61.8,6452156,6181182,270974,4.2
2019,May,64.5,61.8,6447045,6182433,264612,4.1
2019,Jun,64.5,61.9,6445179,6186736,258443,4.0
2019,Jul,64.5,61.9,6444841,6192675,252166,3.9
2019,Aug,64.4,62.0,6442858,6197008,245850,3.8
2019,Sep,64.4,62.0,6439731,6199414,240317,3.7
2019,Oct,64.4,62.0,6435480,6199272,236208,3.7
2019,Nov,64.4,62.0,6433159,6197576,235583,3.7
2019,Dec,64.4,62.0,6433027,6196809,236218,3.7
2020,Jan,64.2,61.9,6417226,6189437,227789,3.5
2020,Feb,64.1,61.9,6398665,6179880,218785,3.4
2020,Mar,63.0,60.4,6294250,6030123,264127,4.2
2020,Apr,61.3,50.8,6123362,5072987,1050375,17.2
2020,May,63.2,53.5,6305015,5337980,967035,15.3
2020,Jun,65.1,55.6,6493413,5549811,943602,14.5
2020,Jul,62.6,55.4,6248853,5533043,715810,11.5
2020,Aug,63.6(P),56.6(P),6347149(P),5652123(P),695026(P),11.0(P)
