Year,Period,labor force participation rate,employment-population ratio,labor force,employment,unemployment,unemployment rate
2010,Jan,62.3,56.7,9589044,8737735,851309,8.9
2010,Feb,62.4,56.9,9605948,8757142,848806,8.8
2010,Mar,62.4,57.0,9621227,8776986,844241,8.8
2010,Apr,62.8,57.3,9630479,8792421,838058,8.7
2010,May,62.8,57.4,9631529,8801543,829986,8.6
2010,Jun,62.7,57.3,9623572,8801658,821914,8.5
2010,Jul,62.6,57.2,9609354,8792951,816403,8.5
2010,Aug,62.4,57.1,9593332,8779428,813904,8.5
2010,Sep,62.2,57.0,9577587,8764345,813242,8.5
2010,Oct,62.1,56.8,9563891,8752287,811604,8.5
2010,Nov,62.0,56.8,9551431,8744834,806597,8.4
2010,Dec,61.9,56.7,9539098,8740995,798103,8.4
2011,Jan,61.8,56.7,9528314,8739920,788394,8.3
2011,Feb,61.7,56.6,9517986,8738380,779606,8.2
2011,Mar,61.6,56.6,9506231,8733288,772943,8.1
2011,Apr,61.4,56.5,9493559,8723458,770101,8.1
2011,May,61.3,56.3,9483635,8711503,772132,8.1
2011,Jun,61.3,56.3,9480227,8702587,777640,8.2
2011,Jul,61.3,56.2,9486165,8701473,784692,8.3
2011,Aug,61.3,56.2,9500945,8708594,792351,8.3
2011,Sep,61.4,56.3,9521336,8721554,799782,8.4
2011,Oct,61.6,56.3,9543711,8736516,807195,8.5
2011,Nov,61.6,56.4,9562510,8748504,814006,8.5
2011,Dec,61.7,56.4,9574444,8754959,819485,8.6
2012,Jan,61.7,56.4,9581121,8757122,823999,8.6
2012,Feb,61.7,56.4,9586612,8758084,828528,8.6
2012,Mar,61.7,56.4,9591657,8757816,833841,8.7
2012,Apr,61.7,56.3,9594584,8756373,838211,8.7
2012,May,61.7,56.3,9597583,8757979,839604,8.7
2012,Jun,61.7,56.3,9602266,8765976,836290,8.7
2012,Jul,61.7,56.4,9608455,8780838,827617,8.6
2012,Aug,61.8,56.5,9617913,8801370,816543,8.5
2012,Sep,61.8,56.6,9631758,8824815,806943,8.4
2012,Oct,61.9,56.7,9645555,8845696,799859,8.3
2012,Nov,61.9,56.8,9655584,8860603,794981,8.2
2012,Dec,61.9,56.8,9659771,8868947,790824,8.2
2013,Jan,61.9,56.8,9655271,8869350,785921,8.1
2013,Feb,61.8,56.8,9651505,8872227,779278,8.1
2013,Mar,61.8,56.9,9651758,8880955,770803,8.0
2013,Apr,61.8,57.0,9660078,8897969,762109,7.9
2013,May,61.9,57.1,9672985,8917413,755572,7.8
2013,Jun,61.9,57.1,9685182,8932756,752426,7.8
2013,Jul,62.0,57.2,9692150,8941331,750819,7.7
2013,Aug,61.9,57.2,9687837,8942726,745111,7.7
2013,Sep,61.8,57.1,9671445,8938974,732471,7.6
2013,Oct,61.6,57.1,9650536,8934550,715986,7.4
2013,Nov,61.5,57.0,9631855,8933068,698787,7.3
2013,Dec,61.4,57.0,9617388,8934768,682620,7.1
2014,Jan,61.0,56.7,9557444,8891979,665465,7.0
2014,Feb,60.9,56.8,9548508,8896686,651822,6.8
2014,Mar,60.9,56.8,9540438,8900374,640064,6.7
2014,Apr,60.8,56.8,9531103,8901572,629531,6.6
2014,May,60.7,56.8,9521124,8903144,617980,6.5
2014,Jun,60.7,56.8,9514317,8909035,605282,6.4
2014,Jul,60.6,56.8,9511481,8918415,593066,6.2
2014,Aug,60.6,56.9,9514182,8931022,583160,6.1
2014,Sep,60.6,57.0,9521660,8946039,575621,6.0
2014,Oct,60.7,57.1,9529358,8961204,568154,6.0
2014,Nov,60.7,57.1,9534612,8974604,560008,5.9
2014,Dec,60.7,57.2,9540144,8987189,552955,5.8
2015,Jan,60.8,57.3,9544579,8997585,546994,5.7
2015,Feb,60.8,57.4,9552949,9010168,542781,5.7
2015,Mar,60.9,57.4,9561497,9023616,537881,5.6
2015,Apr,60.9,57.5,9568011,9037463,530548,5.5
2015,May,60.9,57.6,9569402,9049193,520209,5.4
2015,Jun,60.9,57.6,9563755,9056618,507137,5.3
2015,Jul,60.8,57.7,9554722,9061246,493476,5.2
2015,Aug,60.7,57.7,9547385,9065479,481906,5.0
2015,Sep,60.7,57.7,9545316,9072213,473103,5.0
2015,Oct,60.8,57.8,9552323,9084409,467914,4.9
2015,Nov,60.8,57.9,9567364,9100847,466517,4.9
2015,Dec,60.9,58.0,9582950,9116556,466394,4.9
2016,Jan,61.0,58.0,9591743,9126494,465249,4.9
2016,Feb,61.0,58.0,9590442,9127609,462833,4.8
2016,Mar,60.9,58.0,9579507,9119809,459698,4.8
2016,Apr,60.8,57.9,9564084,9106300,457784,4.8
2016,May,60.7,57.8,9550935,9091949,458986,4.8
2016,Jun,60.7,57.7,9543083,9080187,462896,4.9
2016,Jul,60.7,57.7,9539996,9072562,467434,4.9
2016,Aug,60.6,57.7,9539455,9068476,470979,4.9
2016,Sep,60.6,57.6,9539105,9066158,472947,5.0
2016,Oct,60.6,57.6,9536267,9064636,471631,4.9
2016,Nov,60.6,57.6,9531775,9065980,465795,4.9
2016,Dec,60.6,57.7,9529163,9071509,457654,4.8
2017,Jan,60.6,57.7,9530913,9080374,450539,4.7
2017,Feb,60.7,57.8,9537224,9091221,446003,4.7
2017,Mar,60.7,57.9,9545838,9100810,445028,4.7
2017,Apr,60.8,57.9,9555504,9108274,447230,4.7
2017,May,60.9,58.0,9564471,9113926,450545,4.7
2017,Jun,60.9,58.0,9570659,9117029,453630,4.7
2017,Jul,60.9,58.0,9572659,9117049,455610,4.8
2017,Aug,60.9,58.0,9568287,9113232,455055,4.8
2017,Sep,60.8,57.9,9557643,9105971,451672,4.7
2017,Oct,60.7,57.9,9543205,9096611,446594,4.7
2017,Nov,60.6,57.8,9527547,9085925,441622,4.6
2017,Dec,60.6,57.8,9513789,9077369,436420,4.6
2018,Jan,60.5,57.8,9505817,9074847,430970,4.5
2018,Feb,60.5,57.8,9506088,9080635,425453,4.5
2018,Mar,60.6,57.9,9512599,9093681,418918,4.4
2018,Apr,60.6,58.0,9518802,9108362,410440,4.3
2018,May,60.7,58.1,9520394,9119951,400443,4.2
2018,Jun,60.7,58.2,9518221,9128479,389742,4.1
2018,Jul,60.6,58.2,9514970,9135281,379689,4.0
2018,Aug,60.7,58.3,9515399,9142250,373149,3.9
2018,Sep,60.7,58.3,9521482,9150233,371249,3.9
2018,Oct,60.8,58.4,9531730,9158403,373327,3.9
2018,Nov,60.8,58.4,9542679,9165087,377592,4.0
2018,Dec,60.9,58.5,9549429,9167089,382340,4.0
2019,Jan,60.9,58.4,9547462,9161783,385679,4.0
2019,Feb,60.8,58.4,9534512,9148538,385974,4.0
2019,Mar,60.7,58.3,9514746,9130757,383989,4.0
2019,Apr,60.6,58.2,9495586,9115005,380581,4.0
2019,May,60.6,58.2,9483005,9106058,376947,4.0
2019,Jun,60.6,58.2,9480192,9105741,374451,3.9
2019,Jul,60.6,58.2,9488460,9115194,373266,3.9
2019,Aug,60.7,58.3,9501909,9129585,372324,3.9
2019,Sep,60.8,58.4,9516997,9145414,371583,3.9
2019,Oct,60.9,58.5,9527899,9156652,371247,3.9
2019,Nov,60.9,58.5,9529070,9157857,371213,3.9
2019,Dec,60.9,58.5,9527712,9156258,371454,3.9
2020,Jan,61.0,58.7,9542921,9178410,364511,3.8
2020,Feb,61.1,58.8,9551655,9197589,354066,3.7
2020,Mar,60.2,57.7,9411433,9022695,388738,4.1
2020,Apr,58.1,49.2,9084012,7691738,1392274,15.3
2020,May,58.2,49.7,9089160,7770529,1318631,14.5
2020,Jun,60.1,50.7,9379581,7911749,1467832,15.6
2020,Jul,61.4,51.6,9580264,8054373,1525891,15.9
2020,Aug,60.8(P),53.2(P),9493609(P),8306728(P),1186881(P),12.5(P)
